8043  3   1    4
          3    2
          4    1
8047  2   2    3
          3    1
8055  4   1    2
          2    5
          3    1
          4    4
8060  1   4   12
8063  2   3    5
          4    9
8068  1   2   10
8071  2   2    8
          4    5
8078  3   1   21
          3    4
          4   13
8083  4   1   10
          2   13
          3    7
          4    1
8085  1   2    6
8087  3   2    5
          3    2
          4    9
8092  3   1    2
          2    4
          4    3
8095  4   1    2
          2    2
          3    5
          4    1
8097  1   3   15
8099  3   1    4
          2    8
          3   10
8101  3   2    3
          3    8
          4    5
8103  2   3   11
          4    6
8105  1   4   22
8109  3   2   19
          3    1
          4    1
8112  2   2    4
          3    8
8115  4   1    8
          2   10
          3   12
          4    4
8118  1   1    1
8120  2   2    5
          4   11
8125  3   1    7
          2   18
          3    4